Classification Report:
              precision    recall  f1-score   support

           0       0.79      0.77      0.78      1000
           1       0.88      0.85      0.86      1000
           2       0.75      0.62      0.68      1000
           3       0.64      0.49      0.55      1000
           4       0.60      0.79      0.68      1000
           5       0.66      0.71      0.68      1000
           6       0.80      0.82      0.81      1000
           7       0.81      0.80      0.81      1000
           8       0.82      0.90      0.86      1000
           9       0.83      0.83      0.83      1000

    accuracy                           0.76     10000
   macro avg       0.76      0.76      0.75     10000
weighted avg       0.76      0.76      0.75     10000

MACs:4.13 GMac	Params:23.53 M
