Classification Report:
              precision    recall  f1-score   support

           0       0.49      0.05      0.09      1000
           1       0.60      0.16      0.25      1000
           2       0.41      0.03      0.05      1000
           3       0.26      0.19      0.22      1000
           4       0.25      0.38      0.30      1000
           5       0.47      0.20      0.28      1000
           6       0.29      0.62      0.40      1000
           7       0.60      0.13      0.21      1000
           8       0.33      0.48      0.39      1000
           9       0.25      0.78      0.38      1000

    accuracy                           0.30     10000
   macro avg       0.40      0.30      0.26     10000
weighted avg       0.40      0.30      0.26     10000

MACs:7.86 GMac	Params:42.52 M
