Classification Report:
              precision    recall  f1-score   support

           0       0.72      0.80      0.76      1000
           1       0.78      0.88      0.83      1000
           2       0.70      0.65      0.67      1000
           3       0.55      0.56      0.56      1000
           4       0.73      0.73      0.73      1000
           5       0.63      0.62      0.63      1000
           6       0.85      0.76      0.80      1000
           7       0.88      0.68      0.77      1000
           8       0.82      0.86      0.84      1000
           9       0.75      0.83      0.79      1000

    accuracy                           0.74     10000
   macro avg       0.74      0.74      0.74     10000
weighted avg       0.74      0.74      0.74     10000

MACs:3.68 GMac	Params:21.29 M
