Classification Report:
              precision    recall  f1-score   support

           0       0.71      0.79      0.75      1000
           1       0.85      0.74      0.80      1000
           2       0.60      0.58      0.59      1000
           3       0.50      0.52      0.51      1000
           4       0.58      0.68      0.63      1000
           5       0.63      0.49      0.55      1000
           6       0.75      0.73      0.74      1000
           7       0.75      0.71      0.73      1000
           8       0.85      0.81      0.83      1000
           9       0.67      0.80      0.73      1000

    accuracy                           0.69     10000
   macro avg       0.69      0.69      0.69     10000
weighted avg       0.69      0.69      0.69     10000

MACs:1.83 GMac	Params:11.18 M
