Classification Report:
              precision    recall  f1-score   support

           0       0.70      0.82      0.75      1000
           1       0.85      0.78      0.81      1000
           2       0.70      0.53      0.61      1000
           3       0.51      0.54      0.53      1000
           4       0.60      0.72      0.66      1000
           5       0.65      0.57      0.61      1000
           6       0.77      0.74      0.76      1000
           7       0.74      0.79      0.76      1000
           8       0.85      0.79      0.82      1000
           9       0.77      0.80      0.79      1000

    accuracy                           0.71     10000
   macro avg       0.71      0.71      0.71     10000
weighted avg       0.71      0.71      0.71     10000

MACs:3.68 GMac	Params:21.29 M
