Classification Report:
              precision    recall  f1-score   support

           0       0.23      0.06      0.10      1000
           1       0.00      0.00      0.00      1000
           2       0.09      0.55      0.16      1000
           3       0.00      0.00      0.00      1000
           4       0.16      0.58      0.25      1000
           5       0.00      0.00      0.00      1000
           6       0.00      0.00      0.00      1000
           7       0.00      0.00      0.00      1000
           8       0.23      0.02      0.04      1000
           9       0.13      0.03      0.04      1000

    accuracy                           0.12     10000
   macro avg       0.08      0.12      0.06     10000
weighted avg       0.08      0.12      0.06     10000

MACs:4.13 GMac	Params:23.52 M
