Classification Report:
              precision    recall  f1-score   support

           0       0.78      0.82      0.80      1000
           1       0.84      0.77      0.81      1000
           2       0.77      0.55      0.64      1000
           3       0.62      0.44      0.51      1000
           4       0.66      0.75      0.70      1000
           5       0.56      0.73      0.64      1000
           6       0.76      0.82      0.79      1000
           7       0.79      0.75      0.77      1000
           8       0.87      0.81      0.84      1000
           9       0.71      0.85      0.77      1000

    accuracy                           0.73     10000
   macro avg       0.74      0.73      0.73     10000
weighted avg       0.74      0.73      0.73     10000

MACs:1.82 GMac	Params:11.18 M
